1 1
2 2
3 3
4 4
5 5
6 6
7 7
8 8
9 9
10 10
11 9
12 8
13 7
14 6
15 5
16 4
17 3
18 2
19 1
20 0
21 -1
22 -2
23 -3
24 -4
25 -5
26 -6
27 -7
28 -8
29 -9
30 -10
31 -9
32 -8
33 -7
34 -6
35 -5
36 -4
37 -3
38 -2
39 -1
40 0
41 1
42 2
43 3
44 4
45 5
46 6
47 7
48 8
49 9
50 10
51 9
52 8
53 7
54 6
55 5
56 4
57 3
58 2
59 1
60 0
61 -1
62 -2
63 -3
64 -4
65 -5
66 -6
67 -7
68 -8
69 -9
70 -10
71 -9
72 -8
73 -7
74 -6
75 -5
76 -4
77 -3
78 -2
79 -1
80 0
81 1
82 2
83 3
84 4
85 5
86 6
87 7
88 8
89 9
90 10
91 9
92 8
93 7
94 6
95 5
96 4
97 3
98 2
99 1
100 0
101 -1
102 -2
103 -3
104 -4
105 -5
106 -6
107 -7
108 -8
109 -9
110 -10
111 -9
112 -8
113 -7
114 -6
115 -5
116 -4
117 -3
118 -2
119 -1
120 0
121 1
122 2
123 3
124 4
125 5
126 6
127 7
128 8
129 9
130 10
131 9
132 8
133 7
134 6
135 5
136 4
137 3
138 2
139 1
140 0
141 -1
142 -2
143 -3
144 -4
145 -5
146 -6
147 -7
148 -8
149 -9
150 -10
151 -9
152 -8
153 -7
154 -6
155 -5
156 -4
157 -3
158 -2
159 -1
160 0
161 1
162 2
163 3
164 4
165 5
166 6
167 7
168 8
169 9
170 10
171 9
172 8
173 7
174 6
175 5
176 4
177 3
178 2
179 1
180 0
181 -1
182 -2
183 -3
184 -4
185 -5
186 -6
187 -7
188 -8
189 -9
190 -10
191 -9
192 -8
193 -7
194 -6
195 -5
196 -4
197 -3
198 -2
199 -1
200 0
201 1
202 2
203 3
204 4
205 5
206 6
207 7
208 8
209 9
210 10
211 9
212 8
213 7
214 6
215 5
216 4
217 3
218 2
219 1
220 0
221 -1
222 -2
223 -3
224 -4
225 -5
226 -6
227 -7
228 -8
229 -9
230 -10
231 -9
232 -8
233 -7
234 -6
235 -5
236 -4
237 -3
238 -2
239 -1
240 0
241 1
242 2
243 3
244 4
245 5
246 6
247 7
248 8
249 9
250 10
251 9
252 8
253 7
254 6
255 5
256 4
257 3
258 2
259 1
260 0
261 -1
262 -2
263 -3
264 -4
265 -5
266 -6
267 -7
268 -8
269 -9
270 -10
271 -9
272 -8
273 -7
274 -6
275 -5
276 -4
277 -3
278 -2
279 -1
280 0
281 1
282 2
283 3
284 4
285 5
286 6
287 7
288 8
289 9
290 10
291 9
292 8
293 7
294 6
295 5
296 4
297 3
298 2
299 1
300 0
301 -1
302 -2
303 -3
304 -4
305 -5
306 -6
307 -7
308 -8
309 -9
310 -10
311 -9
312 -8
313 -7
314 -6
315 -5
316 -4
317 -3
318 -2
319 -1
320 0
321 1
322 2
323 3
324 4
325 5
326 6
327 7
328 8
329 9
330 10
331 9
332 8
333 7
334 6
335 5
336 4
337 3
338 2
339 1
340 0
341 -1
342 -2
343 -3
344 -4
345 -5
346 -6
347 -7
348 -8
349 -9
350 -10
351 -9
352 -8
353 -7
354 -6
355 -5
356 -4
357 -3
358 -2
359 -1
360 0
361 1
362 2
363 3
364 4
365 5
366 6
367 7
368 8
369 9
370 10
371 9
372 8
373 7
374 6
375 5
376 4
377 3
378 2
379 1
380 0
381 -1
382 -2
383 -3
384 -4
385 -5
386 -6
387 -7
388 -8
389 -9
390 -10
391 -9
392 -8
393 -7
394 -6
395 -5
396 -4
397 -3
398 -2
399 -1
400 0
401 1
402 2
403 3
404 4
405 5
406 6
407 7
408 8
409 9
410 10
411 9
412 8
413 7
414 6
415 5
416 4
417 3
418 2
419 1
420 0
421 -1
422 -2
423 -3
424 -4
425 -5
426 -6
427 -7
428 -8
429 -9
430 -10
431 -9
432 -8
433 -7
434 -6
435 -5
436 -4
437 -3
438 -2
439 -1
440 0
441 1
442 2
443 3
444 4
445 5
446 6
447 7
448 8
449 9
450 10
451 9
452 8
453 7
454 6
455 5
456 4
457 3
458 2
459 1
460 0
461 -1
462 -2
463 -3
464 -4
465 -5
466 -6
467 -7
468 -8
469 -9
470 -10
471 -9
472 -8
473 -7
474 -6
475 -5
476 -4
477 -3
478 -2
479 -1
480 0
481 1
482 2
483 3
484 4
485 5
486 6
487 7
488 8
489 9
490 10
491 9
492 8
493 7
494 6
495 5
496 4
497 3
498 2
499 1
500 0
